----------------------------------------------------



 [ 0. 20. 17. 16. 17. 17. 18. 17. 17. 17. 16. 16. 14. 13. 10.  9.  9.  7.  6.  6.  7.  5.  4.  4.  6.  6.  4.  5.]
 [20.  0. 18. 17. 18. 16. 19. 19. 17. 18. 17. 17. 15. 14. 11.  9.  9.  7. 6.  6.  7.  6.  5.  5.  6.  6.  4.  5.]
 [17. 18.  0. 21. 21. 21. 22. 19. 18. 18. 17. 17. 15. 13. 14. 10. 10.  8. 7.  6.  7.  5.  4.  4.  6.  6.  4.  5.]
 [16. 17. 21.  0. 19. 20. 19. 19. 20. 18. 18. 18. 15. 13. 15. 10. 10.  8. 7.  6.  7.  5.  4.  4.  6.  6.  4.  5.]
 [17. 18. 21. 19.  0. 21. 19. 18. 18. 16. 16. 16. 15. 13. 14. 10. 10.  8. 7.  6.  7.  5.  4.  4.  6.  6.  4.  5.]
 [17. 16. 21. 20. 21.  0. 19. 17. 17. 16. 16. 16. 15. 13. 13. 10. 10.  8. 7.  6.  7.  5.  4.  4.  6.  6.  4.  5.]
 [18. 19. 22. 19. 19. 19.  0. 21. 20. 20. 18. 18. 14. 13. 12.  9.  9.  7. 6.  6.  7.  5.  4.  4.  6.  6.  4.  6.]
 [17. 19. 19. 19. 18. 17. 21.  0. 20. 20. 18. 18. 14. 13. 13.  9.  9.  7. 6.  6.  7.  5.  4.  4.  6.  6.  4.  6.]
 [17. 17. 18. 20. 18. 17. 20. 20.  0. 19. 18. 18. 14. 13. 13.  9.  9.  7. 6.  6.  7.  5.  4.  4.  6.  6.  4.  6.]
 [17. 18. 18. 18. 16. 16. 20. 20. 19.  0. 19. 20. 16. 14. 13. 10. 10.  8. 7.  7.  8.  6.  5.  5.  6.  6.  6.  6.]
 [16. 17. 17. 18. 16. 16. 18. 18. 18. 19.  0. 22. 15. 14. 12. 10.  9.  7. 8.  6.  9.  6.  5.  5.  7.  8.  5.  8.]
 [16. 17. 17. 18. 16. 16. 18. 18. 18. 20. 22.  0. 15. 15. 11. 10. 10.  9. 7.  7. 10.  7.  5.  5.  6.  6.  5.  6.]
 [14. 15. 15. 15. 15. 15. 14. 14. 14. 16. 15. 15.  0. 17. 11. 13. 11. 10. 9.  7.  9.  9.  8.  8.  7.  7.  7.  6.]
 [13. 14. 13. 13. 13. 13. 13. 13. 13. 14. 14. 15. 17.  0. 10. 11.  9.  8. 9.  7.  9.  9. 10.  8.  7.  8.  6.  6.]
 [10. 11. 14. 15. 14. 13. 12. 13. 13. 13. 12. 11. 11. 10.  0. 17. 15. 13. 13. 11. 13.  6.  5.  5.  7.  7.  5.  6.]
 [ 9.  9. 10. 10. 10. 10.  9.  9.  9. 10. 10. 10. 13. 11. 17.  0. 19. 16. 16. 13. 15. 10.  7.  8.  8.  8.  7.  7.]
 [ 9.  9. 10. 10. 10. 10.  9.  9.  9. 10.  9. 10. 11.  9. 15. 19.  0. 17. 17. 16. 13.  7.  6.  7.  7.  7.  6.  8.]
 [ 7.  7.  8.  8.  8.  8.  7.  7.  7.  8.  7.  9. 10.  8. 13. 16. 17.  0. 18. 15. 15.  8.  7.  8.  7.  7.  9.  8.]
 [ 6.  6.  7.  7.  7.  7.  6.  6.  6.  7.  8.  7.  9.  9. 13. 16. 17. 18. 0.  14. 15.  8.  9. 10.  8.  9.  9. 10.]
 [ 6.  6.  6.  6.  6.  6.  6.  6.  6.  7.  6.  7.  7.  7. 11. 13. 16. 15. 14.  0. 13.  8.  5.  6.  8.  7.  7.  7.]
 [ 7.  7.  7.  7.  7.  7.  7.  7.  7.  8.  9. 10.  9.  9. 13. 15. 13. 15. 15. 13.  0.  9.  7.  7.  8.  9.  7.  8.]
 [ 5.  6.  5.  5.  5.  5.  5.  5.  5.  6.  6.  7.  9.  9.  6. 10.  7.  8.  8.  8.  9.  0.  7.  8.  9.  7.  7.  8.]
 [ 4.  5.  4.  4.  4.  4.  4.  4.  4.  5.  5.  5.  8. 10.  5.  7.  6.  7.  9.  5.  7.  7.  0. 11.  5.  5.  8.  6.]
 [ 4.  5.  4.  4.  4.  4.  4.  4.  4.  5.  5.  5.  8.  8.  5.  8.  7.  8. 10.  6.  7.  8. 11.  0. 12. 12. 15.  5.]
 [ 6.  6.  6.  6.  6.  6.  6.  6.  6.  6.  7.  6.  7.  7.  7.  8.  7.  7.  8.  8.  8.  9.  5. 12.  0. 14. 13.  7.]
 [ 6.  6.  6.  6.  6.  6.  6.  6.  6.  6.  8.  6.  7.  8.  7.  8.  7.  7.  9.  7.  9.  7.  5. 12. 14.  0. 12. 10.]
 [ 4.  4.  4.  4.  4.  4.  4.  4.  4.  6.  5.  5.  7.  6.  5.  7.  6.  9.  9.  7.  7.  7.  8. 15. 13. 12.  0.  5.]
 [ 5.  5.  5.  5.  5.  5.  6.  6.  6.  6.  8.  6.  6.  6.  6.  7.  8.  8. 10.  7.  8.  8.  6.  5.  7. 10.  5.  0.]
 
 
 ---------------------------------------------------------------
 
 
 [[ 0.  0.  0. 16.  0. 17.  0.  0.  0.  0.  0.  0.  0.  0.  0.  0.  0.  0.  0.  0.  0.  0.  0.  0.  0.  0.  0.  0.]
 [ 0.  0.  0. 17.  0.  0.  0. 19.  0.  0.  0.  0.  0. 14.  0.  0.  0.  0.  0.  0.  0.  0.  0.  0.  0.  0.  0.  0.]
 [ 0.  0.  0. 21.  0.  0. 22.  0.  0.  0.  0.  0.  0.  0.  0.  0.  0.  0.  0.  0.  0.  0.  0.  0.  0.  0.  0.  0.]
 [16. 17. 21.  0. 19. 20. 19.  0.  0.  0.  0.  0.  0.  0.  0.  0.  0.  0.  0.  0.  0.  0.  0.  0.  0.  0.  0.  0.]
 [ 0.  0.  0. 19.  0. 21.  0. 18. 18.  0.  0.  0.  0.  0.  0.  0.  0.  0.  0.  0.  0.  0.  0.  0.  0.  0.  0.  0.]
 [ 0.  0.  0. 20. 21.  0.  0.  0. 17. 16. 16.  0.  0.  0.  0.  0.  0.  0.  0.  0.  0.  0.  0.  0.  0.  0.  0.  0.]
 [ 0.  0. 22. 19.  0.  0.  0.  0.  0.  0.  0.  0.  0.  0.  0.  0.  0.  0.  0.  0.  0.  0.  0.  0.  0.  0.  0.  0.]
 [ 0. 19.  0. 19. 18.  0.  0.  0. 20.  0.  0.  0. 14.  0.  0.  0.  9.  0.  0.  0.  0.  0.  0.  0.  0.  0.  0.  0.]
 [ 0.  0.  0.  0. 18. 17.  0. 20.  0. 19. 18.  0.  0.  0.  0.  0.  0.  7.  6.  0.  0.  0.  0.  0.  0.  0.  0.  0.]
 [ 0.  0.  0.  0.  0. 16.  0.  0. 19.  0. 19. 20.  0.  0.  0. 10.  0.  0.  7.  0.  0.  0.  0.  0.  0.  0.  0.  0.]
 [ 0.  0.  0.  0.  0. 16.  0.  0. 18. 19.  0.  0.  0.  0.  0.  0.  0.  0.  0.  0.  0.  0.  0.  0.  0.  0.  0.  0.]
 [ 0.  0.  0.  0.  0.  0.  0.  0.  0. 20.  0.  0.  0.  0. 11.  0.  0.  0.  0.  0.  0.  0.  0.  0.  0.  0.  0.  0.]
 [ 0. 15.  0.  0.  0.  0.  0. 14.  0.  0.  0.  0.  0. 17. 11.  0.  0.  0.  0.  0.  0.  9.  0.  8.  0.  0.  0.  0.]
 [ 0. 14.  0.  0.  0.  0.  0.  0.  0.  0.  0.  0. 17.  0.  0.  0.  0.  0.  0.  0.  0.  0. 10.  8.  0.  0.  0.  0.]
 [ 0.  0.  0.  0.  0.  0.  0.  0.  0. 13.  0. 11.  0.  0.  0.  0.  0.  0. 13.  0.  0.  0.  0.  0.  0.  0.  0.  0.]
 [ 0.  0.  0.  0.  0.  0.  0.  9.  9.  0.  0.  0. 13.  0.  0.  0. 19.  0. 16. 13.  0. 10.  0.  0.  0.  0.  0.  0.]
 [ 0.  0.  0.  0.  0.  0.  0.  0.  9.  0.  0.  0.  0.  0.  0. 19.  0. 17. 17. 16.  0.  0.  0.  0.  0.  0.  0.  0.]
 [ 0.  0.  0.  0.  0.  0.  0.  0.  7.  8.  0.  0.  0.  0. 13.  0. 17.  0. 18.  0. 15.  0.  0.  0.  0.  0.  0.  0.]
 [ 0.  0.  0.  0.  0.  0.  0.  0.  0.  0.  0.  0.  0.  0.  0.  0. 17. 18.  0. 14. 15.  0.  0.  0.  0.  0.  0. 10.]
 [ 0.  0.  0.  0.  0.  0.  0.  0.  0.  0.  0.  0.  0.  7.  0. 13.  0.  0.  0.  0.  0.  0.  0.  0.  0.  7.  0.  7.]
 [ 0.  0.  0.  0.  0.  0.  0.  0.  0.  0.  0.  0.  0.  0.  0.  0.  0. 15. 15.  0.  0.  0.  0.  0.  0.  0.  0.  8.]
 [ 0.  0.  0.  0.  0.  0.  0.  0.  0.  0.  0.  0.  9.  0.  0. 10.  0.  0.  0.  8.  0.  0.  0.  8.  9.  7.  0.  0.]
 [ 0.  0.  0.  0.  0.  0.  0.  0.  0.  0.  0.  0.  0. 10.  0.  0.  0.  0.  0.  0.  0.  0.  0. 11.  0.  0.  0.  0.]
 [ 0.  0.  0.  0.  0.  0.  0.  0.  0.  0.  0.  0.  8.  8.  0.  0.  0.  0.  0.  0.  0.  0. 11.  0. 12.  0.  0.  0.]
 [ 0.  0.  0.  0.  0.  0.  0.  0.  0.  0.  0.  0.  0.  0.  0.  0.  0.  0.  0.  0.  0.  9.  0. 12.  0. 14.  0.  0.]
 [ 0.  0.  0.  0.  0.  0.  0.  0.  0.  0.  0.  0.  0.  0.  0.  0.  0.  0.  0.  7.  0.  7.  0.  0. 14.  0. 12. 10.]
 [ 0.  0.  0.  0.  0.  0.  0.  0.  0.  0.  0.  0.  0.  0.  0.  0.  0.  0.  0.  0.  0.  0.  0.  0.  0. 12.  0.  0.]
 [ 0.  0.  0.  0.  0.  0.  0.  0.  0.  0.  0.  0.  0.  0.  0.  0.  0.  0.  0.  7.  8.  0.  0.  0.  0. 10.  0.  0.]]